Random Forest Analysis
======================

Setup
-----
- Model: Random forest classifier
- Train segments: 16000
- Test segments: 4821
- Number of classes: 30
- Number of features: 71
- Group-aware split used: yes (track_id)

Accuracy
--------
- Segment-level accuracy: 0.6853

Classification report
---------------------
                  precision    recall  f1-score   support

   Ahira bhairav     0.3448    0.6897    0.4598        29
Alahaiyā bilāval     0.4096    0.3091    0.3523       110
         Bairāgi     0.7881    0.8455    0.8158       110
          Basant     0.0000    0.0000    0.0000         0
         Bhairav     0.9531    0.4656    0.6256       262
            Bhūp     0.6045    0.9101    0.7265        89
           Bihāg     0.8750    0.5913    0.7057       367
Bilāsakhānī tōḍī     0.9318    0.7773    0.8475       211
         Bāgēśrī     0.9266    0.8452    0.8840       239
         Darbāri     0.5455    0.7826    0.6429        69
             Dēś     0.2706    0.2347    0.2514        98
     Gauḍ malhār     0.5521    0.7970    0.6523       133
     Hamsadhvāni     0.5225    0.5849    0.5519       159
             Jōg     0.7264    0.6562    0.6896       352
          Khamāj     0.2581    0.5714    0.3556        28
           Kēdār     0.7222    0.7429    0.7324       140
           Lalit     0.6905    0.9508    0.8000       122
      Madhukauns     0.7132    0.8440    0.7731       109
      Madhuvanti     0.7322    0.6837    0.7071       196
    Miyān malhār     0.8193    0.7183    0.7655       284
        Mālkauns     0.6885    0.9231    0.7887        91
           Mārvā     0.9640    0.9042    0.9331       355
       Mārūbihāg     0.1404    0.2892    0.1890        83
 Puriyā dhanaśrī     0.7286    0.6456    0.6846       158
         Rāgēśrī     0.9273    0.8644    0.8947       118
            Tōḍī     0.8333    0.6750    0.7459       200
    Yaman kalyāṇ     0.6812    0.3072    0.4234       306
          Ābhōgī     0.0000    0.0000    0.0000         0
             Śrī     0.8288    0.8892    0.8579       343
    Śuddh sāraṅg     0.1667    0.5167    0.2520        60

        accuracy                         0.6853      4821
       macro avg     0.6115    0.6338    0.6036      4821
    weighted avg     0.7504    0.6853    0.7004      4821

Confusion matrix
----------------
true\pred         Ahira bhairav  Alahaiyā bilāval  Bairāgi       Basant        Bhairav       Bhūp          Bihāg         Bilāsakhānī tōḍī  Bāgēśrī       Darbāri       Dēś           Gauḍ malhār   Hamsadhvāni   Jōg           Khamāj        Kēdār         Lalit         Madhukauns    Madhuvanti    Miyān malhār  Mālkauns      Mārvā         Mārūbihāg     Puriyā dhanaśrī  Rāgēśrī       Tōḍī          Yaman kalyāṇ  Ābhōgī        Śrī           Śuddh sāraṅg
Ahira bhairav     20             0                 4             0             0             0             0             0                 0             0             0             0             0             0             4             0             0             0             0             0             0             1             0             0                0             0             0             0             0             0           
Alahaiyā bilāval  0              34                0             0             0             6             0             0                 0             0             37            7             1             2             17            0             0             0             0             2             0             0             0             0                0             0             1             0             0             3           
Bairāgi           8              0                 93            0             0             0             0             2                 0             0             0             0             0             1             0             0             0             2             0             2             1             0             0             0                0             1             0             0             0             0           
Basant            0              0                 0             0             0             0             0             0                 0             0             0             0             0             0             0             0             0             0             0             0             0             0             0             0                0             0             0             0             0             0           
Bhairav           22             3                 5             4             122           1             13            3                 0             1             0             12            5             7             0             0             32            0             0             0             0             9             0             3                0             7             0             0             7             6           
Bhūp              0              1                 0             0             0             81            0             0                 0             0             0             3             3             0             0             0             0             0             0             0             0             0             0             0                0             0             1             0             0             0           
Bihāg             0              17                0             0             0             0             217           0                 0             0             0             9             13            42            0             2             4             0             0             0             0             0             29            0                0             1             1             0             0             32          
Bilāsakhānī tōḍī  1              0                 3             2             1             0             0             164               0             16            0             0             0             0             0             0             0             1             0             0             9             0             0             2                0             10            0             0             1             1           
Bāgēśrī           0              0                 0             0             0             0             0             0                 202           3             0             0             0             5             0             0             0             0             0             0             2             0             0             0                3             0             0             24            0             0           
Darbāri           1              0                 0             0             0             0             0             0                 0             54            0             0             0             5             0             2             0             0             0             1             2             0             0             0                0             0             0             3             0             1           
Dēś               0              11                0             0             0             0             0             0                 0             0             23            37            3             1             0             0             1             0             0             14            0             0             1             0                0             0             1             0             0             6           
Gauḍ malhār       0              9                 0             0             0             1             1             0                 0             1             0             106           3             5             0             0             0             0             0             6             0             0             0             0                1             0             0             0             0             0           
Hamsadhvāni       0              0                 0             0             0             22            0             1                 0             0             0             0             93            0             0             1             1             0             0             2             0             1             1             0                0             0             13            0             0             24          
Jōg               3              0                 6             0             1             0             2             0                 0             11            11            0             0             231           15            11            0             2             1             8             14            0             1             0                4             0             0             30            0             1           
Khamāj            0              0                 0             0             0             0             0             0                 0             0             8             0             0             1             16            3             0             0             0             0             0             0             0             0                0             0             0             0             0             0           
Kēdār             0              1                 3             4             1             0             0             0                 0             2             3             8             0             0             0             104           0             2             1             1             0             0             0             0                0             0             1             0             0             9           
Lalit             0              0                 0             1             0             0             1             0                 0             0             0             0             0             0             0             0             116           0             0             0             0             0             0             1                0             0             0             0             2             1           
Madhukauns        0              0                 0             0             0             0             0             0                 0             0             0             0             0             8             0             0             0             92            3             2             3             0             0             1                0             0             0             0             0             0           
Madhuvanti        0              1                 0             0             0             0             0             0                 0             1             0             0             0             0             0             0             0             28            134           1             0             0             3             0                0             3             3             1             1             20          
Miyān malhār      0              0                 1             0             0             0             0             2                 10            8             2             5             1             7             1             2             0             1             2             204           2             0             1             0                0             0             1             7             0             27          
Mālkauns          2              0                 0             0             0             0             0             0                 0             2             0             1             0             2             0             0             0             0             0             0             84            0             0             0                0             0             0             0             0             0           
Mārvā             1              0                 0             0             0             2             0             0                 0             0             0             1             0             0             0             4             0             1             0             0             0             321           2             0                0             1             12            2             7             1           
Mārūbihāg         0              0                 0             4             0             1             9             0                 0             0             0             0             1             0             4             2             0             0             27            0             0             0             24            0                0             0             8             0             0             3           
Puriyā dhanaśrī   0              0                 0             21            2             0             0             0                 0             0             0             0             0             0             0             0             1             0             0             0             0             0             7             102              0             4             0             0             14            7           
Rāgēśrī           0              0                 0             0             0             2             1             0                 6             0             0             1             1             0             1             0             1             0             0             0             2             0             0             0                102           0             0             1             0             0           
Tōḍī              0              0                 0             7             0             0             0             4                 0             0             0             0             1             0             0             0             11            0             0             0             3             1             0             7                0             135           0             0             31            0           
Yaman kalyāṇ      0              6                 0             2             1             18            4             0                 0             0             1             2             53            1             4             2             0             0             0             6             0             0             102           0                0             0             94            0             0             10          
Ābhōgī            0              0                 0             0             0             0             0             0                 0             0             0             0             0             0             0             0             0             0             0             0             0             0             0             0                0             0             0             0             0             0           
Śrī               0              0                 3             7             0             0             0             0                 0             0             0             0             0             0             0             0             1             0             0             0             0             0             0             24               0             0             0             0             305           3           
Śuddh sāraṅg      0              0                 0             0             0             0             0             0                 0             0             0             0             0             0             0             11            0             0             15            0             0             0             0             0                0             0             2             1             0             31          

Confusion proportions
---------------------
true\pred         Ahira bhairav  Alahaiyā bilāval  Bairāgi       Basant        Bhairav       Bhūp          Bihāg         Bilāsakhānī tōḍī  Bāgēśrī       Darbāri       Dēś           Gauḍ malhār   Hamsadhvāni   Jōg           Khamāj        Kēdār         Lalit         Madhukauns    Madhuvanti    Miyān malhār  Mālkauns      Mārvā         Mārūbihāg     Puriyā dhanaśrī  Rāgēśrī       Tōḍī          Yaman kalyāṇ  Ābhōgī        Śrī           Śuddh sāraṅg
Ahira bhairav     0.69           0.00              0.14          0.00          0.00          0.00          0.00          0.00              0.00          0.00          0.00          0.00          0.00          0.00          0.14          0.00          0.00          0.00          0.00          0.00          0.00          0.03          0.00          0.00             0.00          0.00          0.00          0.00          0.00          0.00        
Alahaiyā bilāval  0.00           0.31              0.00          0.00          0.00          0.05          0.00          0.00              0.00          0.00          0.34          0.06          0.01          0.02          0.15          0.00          0.00          0.00          0.00          0.02          0.00          0.00          0.00          0.00             0.00          0.00          0.01          0.00          0.00          0.03        
Bairāgi           0.07           0.00              0.85          0.00          0.00          0.00          0.00          0.02              0.00          0.00          0.00          0.00          0.00          0.01          0.00          0.00          0.00          0.02          0.00          0.02          0.01          0.00          0.00          0.00             0.00          0.01          0.00          0.00          0.00          0.00        
Basant            0.00           0.00              0.00          0.00          0.00          0.00          0.00          0.00              0.00          0.00          0.00          0.00          0.00          0.00          0.00          0.00          0.00          0.00          0.00          0.00          0.00          0.00          0.00          0.00             0.00          0.00          0.00          0.00          0.00          0.00        
Bhairav           0.08           0.01              0.02          0.02          0.47          0.00          0.05          0.01              0.00          0.00          0.00          0.05          0.02          0.03          0.00          0.00          0.12          0.00          0.00          0.00          0.00          0.03          0.00          0.01             0.00          0.03          0.00          0.00          0.03          0.02        
Bhūp              0.00           0.01              0.00          0.00          0.00          0.91          0.00          0.00              0.00          0.00          0.00          0.03          0.03          0.00          0.00          0.00          0.00          0.00          0.00          0.00          0.00          0.00          0.00          0.00             0.00          0.00          0.01          0.00          0.00          0.00        
Bihāg             0.00           0.05              0.00          0.00          0.00          0.00          0.59          0.00              0.00          0.00          0.00          0.02          0.04          0.11          0.00          0.01          0.01          0.00          0.00          0.00          0.00          0.00          0.08          0.00             0.00          0.00          0.00          0.00          0.00          0.09        
Bilāsakhānī tōḍī  0.00           0.00              0.01          0.01          0.00          0.00          0.00          0.78              0.00          0.08          0.00          0.00          0.00          0.00          0.00          0.00          0.00          0.00          0.00          0.00          0.04          0.00          0.00          0.01             0.00          0.05          0.00          0.00          0.00          0.00        
Bāgēśrī           0.00           0.00              0.00          0.00          0.00          0.00          0.00          0.00              0.85          0.01          0.00          0.00          0.00          0.02          0.00          0.00          0.00          0.00          0.00          0.00          0.01          0.00          0.00          0.00             0.01          0.00          0.00          0.10          0.00          0.00        
Darbāri           0.01           0.00              0.00          0.00          0.00          0.00          0.00          0.00              0.00          0.78          0.00          0.00          0.00          0.07          0.00          0.03          0.00          0.00          0.00          0.01          0.03          0.00          0.00          0.00             0.00          0.00          0.00          0.04          0.00          0.01        
Dēś               0.00           0.11              0.00          0.00          0.00          0.00          0.00          0.00              0.00          0.00          0.23          0.38          0.03          0.01          0.00          0.00          0.01          0.00          0.00          0.14          0.00          0.00          0.01          0.00             0.00          0.00          0.01          0.00          0.00          0.06        
Gauḍ malhār       0.00           0.07              0.00          0.00          0.00          0.01          0.01          0.00              0.00          0.01          0.00          0.80          0.02          0.04          0.00          0.00          0.00          0.00          0.00          0.05          0.00          0.00          0.00          0.00             0.01          0.00          0.00          0.00          0.00          0.00        
Hamsadhvāni       0.00           0.00              0.00          0.00          0.00          0.14          0.00          0.01              0.00          0.00          0.00          0.00          0.58          0.00          0.00          0.01          0.01          0.00          0.00          0.01          0.00          0.01          0.01          0.00             0.00          0.00          0.08          0.00          0.00          0.15        
Jōg               0.01           0.00              0.02          0.00          0.00          0.00          0.01          0.00              0.00          0.03          0.03          0.00          0.00          0.66          0.04          0.03          0.00          0.01          0.00          0.02          0.04          0.00          0.00          0.00             0.01          0.00          0.00          0.09          0.00          0.00        
Khamāj            0.00           0.00              0.00          0.00          0.00          0.00          0.00          0.00              0.00          0.00          0.29          0.00          0.00          0.04          0.57          0.11          0.00          0.00          0.00          0.00          0.00          0.00          0.00          0.00             0.00          0.00          0.00          0.00          0.00          0.00        
Kēdār             0.00           0.01              0.02          0.03          0.01          0.00          0.00          0.00              0.00          0.01          0.02          0.06          0.00          0.00          0.00          0.74          0.00          0.01          0.01          0.01          0.00          0.00          0.00          0.00             0.00          0.00          0.01          0.00          0.00          0.06        
Lalit             0.00           0.00              0.00          0.01          0.00          0.00          0.01          0.00              0.00          0.00          0.00          0.00          0.00          0.00          0.00          0.00          0.95          0.00          0.00          0.00          0.00          0.00          0.00          0.01             0.00          0.00          0.00          0.00          0.02          0.01        
Madhukauns        0.00           0.00              0.00          0.00          0.00          0.00          0.00          0.00              0.00          0.00          0.00          0.00          0.00          0.07          0.00          0.00          0.00          0.84          0.03          0.02          0.03          0.00          0.00          0.01             0.00          0.00          0.00          0.00          0.00          0.00        
Madhuvanti        0.00           0.01              0.00          0.00          0.00          0.00          0.00          0.00              0.00          0.01          0.00          0.00          0.00          0.00          0.00          0.00          0.00          0.14          0.68          0.01          0.00          0.00          0.02          0.00             0.00          0.02          0.02          0.01          0.01          0.10        
Miyān malhār      0.00           0.00              0.00          0.00          0.00          0.00          0.00          0.01              0.04          0.03          0.01          0.02          0.00          0.02          0.00          0.01          0.00          0.00          0.01          0.72          0.01          0.00          0.00          0.00             0.00          0.00          0.00          0.02          0.00          0.10        
Mālkauns          0.02           0.00              0.00          0.00          0.00          0.00          0.00          0.00              0.00          0.02          0.00          0.01          0.00          0.02          0.00          0.00          0.00          0.00          0.00          0.00          0.92          0.00          0.00          0.00             0.00          0.00          0.00          0.00          0.00          0.00        
Mārvā             0.00           0.00              0.00          0.00          0.00          0.01          0.00          0.00              0.00          0.00          0.00          0.00          0.00          0.00          0.00          0.01          0.00          0.00          0.00          0.00          0.00          0.90          0.01          0.00             0.00          0.00          0.03          0.01          0.02          0.00        
Mārūbihāg         0.00           0.00              0.00          0.05          0.00          0.01          0.11          0.00              0.00          0.00          0.00          0.00          0.01          0.00          0.05          0.02          0.00          0.00          0.33          0.00          0.00          0.00          0.29          0.00             0.00          0.00          0.10          0.00          0.00          0.04        
Puriyā dhanaśrī   0.00           0.00              0.00          0.13          0.01          0.00          0.00          0.00              0.00          0.00          0.00          0.00          0.00          0.00          0.00          0.00          0.01          0.00          0.00          0.00          0.00          0.00          0.04          0.65             0.00          0.03          0.00          0.00          0.09          0.04        
Rāgēśrī           0.00           0.00              0.00          0.00          0.00          0.02          0.01          0.00              0.05          0.00          0.00          0.01          0.01          0.00          0.01          0.00          0.01          0.00          0.00          0.00          0.02          0.00          0.00          0.00             0.86          0.00          0.00          0.01          0.00          0.00        
Tōḍī              0.00           0.00              0.00          0.04          0.00          0.00          0.00          0.02              0.00          0.00          0.00          0.00          0.01          0.00          0.00          0.00          0.06          0.00          0.00          0.00          0.01          0.01          0.00          0.04             0.00          0.68          0.00          0.00          0.15          0.00        
Yaman kalyāṇ      0.00           0.02              0.00          0.01          0.00          0.06          0.01          0.00              0.00          0.00          0.00          0.01          0.17          0.00          0.01          0.01          0.00          0.00          0.00          0.02          0.00          0.00          0.33          0.00             0.00          0.00          0.31          0.00          0.00          0.03        
Ābhōgī            0.00           0.00              0.00          0.00          0.00          0.00          0.00          0.00              0.00          0.00          0.00          0.00          0.00          0.00          0.00          0.00          0.00          0.00          0.00          0.00          0.00          0.00          0.00          0.00             0.00          0.00          0.00          0.00          0.00          0.00        
Śrī               0.00           0.00              0.01          0.02          0.00          0.00          0.00          0.00              0.00          0.00          0.00          0.00          0.00          0.00          0.00          0.00          0.00          0.00          0.00          0.00          0.00          0.00          0.00          0.07             0.00          0.00          0.00          0.00          0.89          0.01        
Śuddh sāraṅg      0.00           0.00              0.00          0.00          0.00          0.00          0.00          0.00              0.00          0.00          0.00          0.00          0.00          0.00          0.00          0.18          0.00          0.00          0.25          0.00          0.00          0.00          0.00          0.00             0.00          0.00          0.03          0.02          0.00          0.52        

Global feature importance
-------------------------
- tonic_hz: 0.069374
- log_tonic_hz: 0.068094
- log_swara_count_re: 0.045454
- swara_prop_re: 0.041983
- swara_prop_ga: 0.041321
- log_swara_count_Ma^: 0.040425
- log_swara_count_Dha: 0.040105
- swara_prop_Dha: 0.039572
- swara_prop_Ga: 0.037987
- log_swara_count_ni: 0.037558
- log_swara_count_Ga: 0.037385
- swara_prop_Ma^: 0.036535
- log_swara_count_ga: 0.036416
- log_swara_count_dha: 0.036271
- swara_prop_ni: 0.036017
- swara_prop_Ma: 0.033631
- log_swara_count_Ma: 0.032431
- swara_prop_dha: 0.029220
- swara_prop_Pa: 0.029117
- swara_prop_Re: 0.027961

Interpretation notes
--------------------
- Random forest can model non-linear interactions and threshold effects, so it is a good next comparison against both KNN and logistic regression.
- If this beats logistic regression by a meaningful margin, the feature space likely contains useful non-linear structure.
- If this still struggles, then the limitation is more likely in the representation or the intrinsic overlap of classes rather than the classifier family alone.
- Feature importance here is global and does not show direction; it only shows how much each feature contributes to reducing impurity across the forest.
